   5.0116277e+01   2.8963860e+01
   3.6991779e+01   5.9766060e+01
   4.1722687e+01   4.4349411e+01
   3.4240573e+01   6.4980467e+01
   1.5997274e+01   1.2955661e+01
   9.7410894e+00   8.1452875e+00
   7.1090498e+00   6.7606742e+00
   6.6366345e+00   1.0129947e+01
   3.1349391e+00   4.5521366e+00
   2.2877654e+01   6.5628423e+01
   2.6679157e+01   6.2882187e+01
   2.0722571e+01   7.5556258e+01
   2.0258033e+01   7.9126443e+01
   1.9892836e+01   7.9386704e+01
   1.9696177e+01   7.9558717e+01
   8.8208892e+00   6.7132671e+01
   6.8313375e+00   6.8000394e+01
   1.1181338e+01   1.5930191e+02
  -2.6763380e+01   4.4450451e+01
  -2.1984941e+00   5.7042159e+01
  -6.9041243e+00   9.3936238e+01
  -8.9025820e+00   9.3794163e+01
  -1.3621009e+01   1.2494755e+02
  -1.4169541e+01   1.2834825e+02
  -1.4308886e+01   1.2860678e+02
  -1.6363500e+01   1.2845698e+02
  -5.0897454e+00   1.3705919e+02
  -1.7792113e+01   1.3752459e+02
  -3.2276798e+01   4.7242635e+01
  -4.7532575e+01   3.0408698e+01
  -5.4510740e+01   1.2668530e+01
  -4.6855220e+01   1.9457748e+01
  -4.7040965e+01   1.8511686e+01
  -4.3707107e+01   3.4718081e+01
  -4.7242714e+01   3.3886839e+01
  -4.5478669e+01   3.3991810e+01
   1.3040528e+01   9.0875487e+00
  -5.2019243e+01   2.8480765e+01
  -4.2576325e+01   1.5222265e+01
  -4.9476500e+01   2.0087314e+00
  -5.1243737e+01   4.1628259e+00
  -5.1723031e+01   3.9035512e+00
  -5.6136959e+01   2.1371936e+00
  -4.9727502e+01   1.1328486e+01
  -6.2000000e+01   3.8928768e-02
  -6.3516718e+01   4.9296616e-01
  -6.4192742e+01   4.2363692e+00
  -5.8446850e+01   1.0479455e+01
  -5.8612156e+01   8.7529476e+00
  -6.0145194e+01   7.9036732e+00
  -4.3273443e+01   1.7661637e+01
  -4.8690265e+01   1.9344909e+01
  -5.1914806e+01   1.8165014e+01
  -5.4615808e+01   1.7580271e+01
  -5.8989691e+01   1.6882199e+01
  -6.1045866e+01   1.4588818e+01
  -6.1600046e+01   1.6885354e+01
  -6.1243587e+01   2.0811278e+01
  -6.0488096e+01   2.3633735e+01
  -6.1472344e+01   2.3896247e+01
  -5.2157061e+01   2.3016865e+01
  -5.3614209e+01   2.3143151e+01
  -5.2021875e+01   2.6061740e+01
  -5.5125779e+01   2.6773676e+01
  -4.5096333e+01   2.8884719e+01
  -5.2277938e+01   3.0473205e+01
  -4.0786235e+01   3.4532798e+01
  -4.1163057e+01   3.7452954e+01
  -4.5674110e+01   3.6663090e+01
  -6.1816046e+01   1.1804344e+02
  -6.2698905e+01   3.1120886e+01
  -4.8810709e+01   3.3957242e+01
  -5.2046175e+01   3.6174338e+01
  -5.3866922e+01   3.6308536e+01
  -6.1834405e+01   3.8559928e+01
  -4.8628722e+01   3.7611351e+01
  -4.6304035e+01   3.4821045e+01
  -5.2041720e+01   3.3406402e+01
  -5.0074535e+01   3.2616369e+01
  -5.0704870e+01   4.0786583e+01
  -4.4984395e+01   4.1982215e+01
  -4.5421974e+01   3.8826164e+01
  -4.4841878e+01   3.8699600e+01
  -4.7102777e+01   3.7256011e+01
  -4.8513297e+01   3.8946472e+01
  -6.2211690e+01   4.1454381e+01
  -6.3711574e+01   4.2422126e+01
  -6.4479489e+01   4.7556446e+01
  -4.2637322e+01   3.8014387e+01
  -4.3242990e+01   3.9560700e+01
  -4.2338207e+01   4.2013724e+01
  -4.5415214e+01   5.6598605e+01
  -3.8266990e+01   4.6102324e+01
  -4.0217550e+01   4.6188349e+01
  -4.1508774e+01   4.5545920e+01
  -4.0844067e+01   4.6238915e+01
  -4.1158627e+01   4.6067994e+01
  -4.1744018e+01   4.6560996e+01
  -3.5631521e+01   7.5425390e+01
  -4.2924396e+01   7.0039168e+01
  -4.7991214e+01   6.8848669e+01
  -4.2561654e+01   7.3946795e+01
  -4.2660762e+01   7.4008913e+01
  -4.4834971e+01   6.8280100e+01
  -4.8163165e+01   6.1112828e+01
  -4.9036590e+01   6.7558424e+01
  -4.3464585e+01   7.5330200e+01
  -4.4936871e+01   7.9112842e+01
  -4.7508983e+01   8.9404908e+01
  -4.7690841e+01   8.9413223e+01
  -4.7895993e+01   8.9048453e+01
  -4.8829324e+01   8.8719256e+01
  -6.3963023e+01   1.0623029e+02
  -6.4106483e+01   1.0876599e+02
  -6.4315074e+01   1.1580462e+02
  -6.3623533e+01   1.0363035e+02
  -6.4234555e+01   1.0289400e+02
  -3.4792474e+01   1.3356031e+02
  -3.4859376e+01   1.3350804e+02
  -3.4197949e+01   1.3841788e+02
  -4.3559168e+01   1.4801104e+02
  -4.7502666e+01   1.5444873e+02
  -4.5981282e+01   1.5868695e+02
  -4.9115970e+01   1.5397734e+02
  -4.8640642e+01   1.5573526e+02
  -4.9049187e+01   1.5533279e+02
  -4.8910957e+01   1.6271598e+02
  -3.6213189e+01   1.4110656e+02
  -3.8195209e+01   1.5410329e+02
  -5.5376472e+01   1.2133669e+02
  -6.2488045e+01   1.2053280e+02
  -6.2666010e+01   1.1991110e+02
  -6.2833770e+01   1.2083658e+02
  -5.6059770e+01   1.5749098e+02
  -5.4405781e+01   1.5434211e+02
  -6.2398087e+01   1.4721274e+02
  -6.0979729e+01   1.2081260e+02
  -6.0145130e+01   1.2196608e+02
  -5.5473890e+01   1.2392831e+02
  -5.5112979e+01   1.2465756e+02
  -6.1536351e+01   1.2287990e+02
  -6.3076223e+01   1.2288469e+02
  -6.3553173e+01   1.2197118e+02
  -6.4540492e+01   1.2256328e+02
  -6.4004899e+01   1.2341570e+02
  -6.3725017e+01   1.2413904e+02
  -6.3956050e+01   1.2505813e+02
  -6.3753768e+01   1.2572262e+02
  -6.4697692e+01   1.2562015e+02
  -6.4617551e+01   1.2716400e+02
  -6.4686328e+01   1.2447851e+02
  -6.3243119e+01   1.2470641e+02
  -6.2803891e+01   1.2465209e+02
  -6.2328350e+01   1.2541371e+02
  -6.0358279e+01   1.2600019e+02
  -6.2799042e+01   1.2861542e+02
  -6.3213064e+01   1.2945767e+02
  -6.1497967e+01   1.2936292e+02
  -5.7088429e+01   1.2971150e+02
  -5.7741625e+01   1.2947612e+02
  -5.8049792e+01   1.2874662e+02
  -5.2807435e+01   1.2920834e+02
  -5.6902782e+01   1.3317169e+02
  -5.8173800e+01   1.3425815e+02
  -5.9792411e+01   1.3380941e+02
  -6.0593229e+01   1.3224078e+02
  -6.1810305e+01   1.3143004e+02
  -6.1474227e+01   1.3201999e+02
  -6.1131555e+01   1.3278623e+02
  -6.2730291e+01   1.3176347e+02
  -6.2867274e+01   1.3208181e+02
  -6.1462073e+01   1.3331585e+02
  -6.0867401e+01   1.3411397e+02
  -6.2021261e+01   1.3405743e+02
  -6.3480917e+01   1.3333900e+02
  -6.4972251e+01   1.3506175e+02
  -6.4626041e+01   1.3745590e+02
  -6.3893709e+01   1.3933273e+02
  -5.9197061e+01   1.3646301e+02
  -5.8979109e+01   1.3746084e+02
  -5.9505332e+01   1.3845398e+02
  -6.0336060e+01   1.3593202e+02
  -6.0734608e+01   1.3561395e+02
  -6.0736596e+01   1.3738467e+02
  -6.1378239e+01   1.3598040e+02
  -6.0002921e+01   1.3850770e+02
  -5.9229312e+01   1.4113204e+02
  -6.3056412e+01   1.4886373e+02
  -6.3791566e+01   1.4988001e+02
  -6.4776339e+01   1.5078134e+02
  -6.4614714e+01   1.5223952e+02
  -6.4965452e+01   1.5403019e+02
  -6.4337780e+01   1.5517497e+02
  -6.4581892e+01   1.5504723e+02
  -6.4880122e+01   1.5539357e+02
  -6.4041006e+01   1.5611717e+02
  -6.4331652e+01   1.5624925e+02
  -6.0958397e+01   1.5412175e+02
  -6.0934298e+01   1.5536776e+02
  -5.7980785e+01   1.5639276e+02
  -5.1042457e+01   1.7329057e+02
  -6.1308572e+01   1.6998170e+02
  -5.1250003e+01   1.3797757e+02
  -6.3307302e+01   1.5865960e+02
  -6.4461666e+01   1.5842139e+02
  -6.2343896e+01   1.6013546e+02
  -6.2184109e+01   1.6192311e+02
  -6.2657491e+01   1.6120898e+02
  -6.2946054e+01   1.6108806e+02
  -6.3159467e+01   1.6035157e+02
  -5.8730517e+01   1.6074013e+02
  -6.3765354e+01   1.6289727e+02
  -6.3608905e+01   1.6482416e+02
  -6.2871132e+01   1.6574355e+02
  -6.2844679e+01   1.6610706e+02
  -6.1534121e+01   1.6322642e+02
  -6.1595724e+01   1.6404643e+02
  -6.1459588e+01   1.6584143e+02
  -5.7960141e+01   1.6846111e+02
  -5.7208683e+01   1.6861338e+02
  -6.4265107e+01   1.6879769e+02
  -6.4680857e+01   1.7134639e+02
  -6.2206246e+01   1.7140276e+02
  -6.3622745e+01   1.7287153e+02
  -5.7637763e+01   1.7293036e+02
  -5.2127277e+01   1.7474361e+02
  -5.8399055e+01   1.7271186e+02
  -5.9109696e+01   1.7261748e+02
  -5.9772874e+01   1.7330121e+02
  -5.8313173e+01   1.7405065e+02
  -6.4047749e+01   1.7655147e+02
  -5.9034033e+01   1.7602624e+02
  -6.2646069e+01   1.7878498e+02
  -5.4946258e+01   1.7994808e+02
  -5.7068380e+01   1.7874193e+02
  -5.5279049e+01   1.7810471e+02
  -5.3960220e+01   1.7898154e+02
  -5.3152702e+01   1.7939295e+02
   3.4740553e+01  -5.3986609e+01
   6.4848301e+01  -8.6248370e+00
   1.1898432e+01  -1.7412622e+02
   8.2393233e+00  -5.5041511e+01
   1.8062266e+01  -1.3043081e+01
   1.5824811e+01  -1.2839199e+01
   1.5196811e+01  -1.3113551e+01
   1.8578299e+01  -1.0787568e+01
   1.3726504e+01  -1.7607430e+01
   1.3365855e+01  -1.4947135e+01
   8.4654386e+00  -1.5682323e+01
   4.0836532e+00  -1.6145421e+01
   1.2695263e+01  -7.2582946e+00
   1.0746469e+01  -7.2103090e+00
   1.0293952e+01  -7.4747656e+00
   7.2119344e+00  -7.8947316e+00
   8.0829789e+00  -7.1375045e+00
  -4.3631977e+01  -5.5181316e+01
  -4.4141475e+01  -5.4972999e+01
  -4.5008401e+01  -5.4200516e+01
  -4.5342761e+01  -5.4056330e+01
  -4.1186403e+01  -5.3072495e+01
  -4.3182398e+01  -5.1779857e+01
  -4.3962576e+01  -5.2136806e+01
  -4.4518675e+01  -5.2060254e+01
  -4.4716915e+01  -5.2376023e+01
  -4.5838445e+01  -5.2498349e+01
  -4.5999105e+01  -5.2762186e+01
  -4.6290372e+01  -5.2640581e+01
  -4.4783575e+01   3.8086789e+01
  -5.3995248e+01   1.5494387e+02
  -5.4554253e+01   1.5491333e+02
  -6.2565458e+01  -1.6394915e+02
  -1.4837425e+01   1.2793924e+02
  -5.9717121e+00   1.3763235e+02
  -5.0287414e+01  -6.7833228e+01
   4.8979586e+01   2.8906864e+01
  -4.9478814e+01   3.4679551e+01
  -4.6672150e+01  -5.1946762e+01
  -4.6859164e+01  -5.2982097e+01
  -4.7824968e+01  -5.2540306e+01
  -4.8288836e+01  -5.2775407e+01
  -4.8932535e+01  -5.1480304e+01
  -4.6867237e+01  -4.9122899e+01
   1.3762380e+00  -8.1496002e+00
   5.3061361e+00  -1.0623042e+01
   5.2566439e-01  -1.1255890e+01
   1.0766117e+01  -2.7697272e+00
  -7.6339600e+00  -8.3601856e+01
  -8.9360871e+00  -7.7897717e+01
  -1.3142877e+01  -7.1350878e+01
  -9.9627251e+00  -7.0504062e+01
  -1.0547941e+01  -6.9122287e+01
  -4.6142421e+00  -6.2853140e+01
  -1.5340617e+01  -5.7965991e+01
  -1.5300725e+01  -5.7681568e+01
  -1.4359114e+01  -5.7788875e+01
  -1.5032664e+01  -5.5657980e+01
  -3.2526944e+00  -5.2387937e+01
  -4.4185351e-01  -4.6546306e+01
  -7.0346149e+00  -4.7973589e+01
  -8.0928116e+00  -4.7593258e+01
  -6.8526024e+00  -4.9225168e+01
  -6.8257460e+00  -4.8606195e+01
  -7.6996470e+00  -4.5277460e+01
  -7.8188578e+00  -4.4508730e+01
  -2.1759714e+01  -3.9662391e+01
  -2.5673894e+01  -3.3501809e+01
  -4.1547033e+01  -1.5785326e+02
  -4.2140442e+01  -1.5800625e+02
  -5.0432370e+01  -1.7810122e+02
  -5.6163137e+01  -1.7946266e+02
  -5.4052553e+01  -1.7956663e+02
  -5.4532955e+01  -1.7657730e+02
  -6.2981473e+01  -1.7870904e+02
  -4.5984886e+01  -1.6320727e+02
  -5.3665410e+01  -1.7132356e+02
  -5.2934529e+01  -1.7116771e+02
  -5.3164762e+01  -1.7226750e+02
  -5.5143554e+01  -1.7343666e+02
  -5.6319955e+01  -1.7231685e+02
  -5.6800104e+01  -1.7369217e+02
  -5.9182369e+01  -1.7359215e+02
  -6.1823051e+01  -1.7626933e+02
  -6.1714386e+01  -1.7417731e+02
  -6.4571366e+01  -1.6917049e+02
  -6.2765411e+01  -1.7543048e+02
  -5.8136155e+01  -1.6981319e+02
  -6.4165572e+01  -1.6555710e+02
  -6.3722217e+01  -1.6300269e+02
  -6.1469146e+01  -1.6333826e+02
  -5.9239602e+01  -1.6192032e+02
  -6.3614469e+01  -1.5982436e+02
  -5.9061905e+01  -1.5892339e+02
  -6.2069894e+01  -1.5974788e+02
  -6.2317466e+01  -1.5893331e+02
  -6.1168419e+01  -1.6113220e+02
  -6.1523010e+01  -1.6017241e+02
  -6.2154823e+01  -1.5743046e+02
  -6.1537844e+01  -1.5678910e+02
  -6.3012550e+01  -1.5592399e+02
  -6.1732682e+01  -1.5494250e+02
  -5.0778959e+01  -1.4977975e+02
  -5.3576718e+01  -1.4952090e+02
  -5.1254332e+01  -1.4383058e+02
  -5.2464990e+01  -1.4420691e+02
  -5.6130090e+01  -1.4515746e+02
  -5.7254434e+01  -1.4502568e+02
  -6.3410490e+01  -1.4775031e+02
  -6.2155764e+01  -1.5224953e+02
  -6.0383161e+01  -1.5139368e+02
  -6.1024523e+01  -1.5069990e+02
  -6.2813643e+01  -1.5096785e+02
  -5.9012418e+01  -1.4969460e+02
  -6.1874535e+01  -1.4833425e+02
  -5.9498485e+01  -1.4734168e+02
  -5.5417095e+01  -1.4315131e+02
  -5.9101849e+01  -1.4204634e+02
  -5.8695343e+01  -1.4116072e+02
  -6.1606817e+01  -1.4181779e+02
  -6.3727352e+01  -1.4288662e+02
  -5.6694921e+01  -1.3830136e+02
  -5.7599080e+01  -1.3516776e+02
  -6.1321729e+01  -1.3474719e+02
  -6.0287181e+01  -1.3418198e+02
  -6.3303966e+01  -1.3169274e+02
  -5.7373756e+01  -1.3288065e+02
  -5.8486906e+01  -1.3248791e+02
  -6.0534176e+01  -1.3056909e+02
  -6.3067428e+01  -1.2921175e+02
  -6.2344340e+01  -1.2936856e+02
  -5.3078669e+01  -1.2676575e+02
  -6.0640815e+01  -1.2693163e+02
  -6.3693538e+01  -1.2740925e+02
  -5.4443294e+01  -1.2440366e+02
  -5.5672660e+01  -1.2508032e+02
  -5.5394397e+01  -1.2410234e+02
  -5.4893192e+01  -1.2322226e+02
  -5.3423305e+01  -1.2071487e+02
  -5.9095827e+01  -1.2366256e+02
  -5.9616205e+01  -1.2347912e+02
  -6.1025106e+01  -1.2350714e+02
  -6.3357482e+01  -1.2232672e+02
  -6.3669898e+01  -1.2086391e+02
  -4.1172666e+01  -6.2406189e+01
  -4.3744115e+01  -6.2325254e+01
  -4.3411472e+01  -6.0441807e+01
  -4.6562399e+01  -1.1714060e+02
  -4.9162066e+01  -1.1725595e+02
  -5.6135010e+01  -1.1893432e+02
  -5.3549978e+01  -1.1958817e+02
  -6.0853061e+01  -1.1852728e+02
  -6.1703835e+01  -1.1822303e+02
  -6.0609955e+01  -1.1698993e+02
  -6.4003823e+01  -1.1598850e+02
  -5.6485865e+01  -1.1657341e+02
  -5.0409077e+01  -1.1400770e+02
  -5.8405485e+01  -1.1572347e+02
  -5.2538315e+01  -1.1329117e+02
  -5.8986528e+01  -1.1509828e+02
  -5.8108482e+01  -1.1389675e+02
  -5.9630209e+01  -1.1309671e+02
  -5.8936770e+01  -1.1181282e+02
  -6.0390746e+01  -1.1231642e+02
  -6.0777187e+01  -1.1164279e+02
  -6.1283607e+01  -1.1361465e+02
  -6.1872962e+01  -1.1157940e+02
  -5.1134859e+01  -1.1003988e+02
  -5.4994013e+01  -1.1074940e+02
  -5.5848963e+01  -1.0948474e+02
  -5.1633257e+01  -1.1011118e+02
  -5.7128886e+01  -1.0808436e+02
  -5.7402409e+01  -1.0816577e+02
  -5.2821068e+01  -1.0728766e+02
  -5.3490408e+01  -1.0784176e+02
  -5.3929093e+01  -1.0741311e+02
  -6.3816406e+01  -1.0836950e+02
  -6.2776506e+01  -1.0569561e+02
  -6.3518813e+01  -1.0597581e+02
  -5.1484231e+01  -1.0534816e+02
  -5.2496891e+01  -1.0604045e+02
  -5.3742239e+01  -1.0658492e+02
  -5.7331004e+01  -1.0205465e+02
  -6.1687988e+01  -1.0329944e+02
  -6.2803614e+01  -1.0286684e+02
  -6.4109245e+01  -1.0284010e+02
  -6.0354484e+01  -1.0169513e+02
  -6.0280445e+01  -1.0074243e+02
  -6.1323181e+01  -1.0025726e+02
  -6.2822886e+01  -1.0148243e+02
  -6.3715285e+01  -1.0082135e+02
  -6.2655045e+01  -9.9109775e+01
  -6.0346309e+01  -9.8817621e+01
  -6.1800257e+01  -9.8484742e+01
  -6.2301263e+01  -9.7541248e+01
  -6.2500178e+01  -9.6178030e+01
  -6.3058053e+01  -9.7485649e+01
  -6.3506948e+01  -9.7612474e+01
  -6.3661961e+01  -9.5859867e+01
  -6.1016850e+01  -9.5562581e+01
  -5.7594447e+01  -9.5364311e+01
  -5.7881077e+01  -9.4506287e+01
  -6.1455463e+01  -9.2621062e+01
  -5.3469815e+01  -9.4771562e+01
  -5.2278893e+01  -9.2911628e+01
  -6.2506147e+01  -7.2149134e+01
  -5.0166245e+01  -6.8402066e+01
  -4.9711393e+01  -6.6182856e+01
  -4.8021920e+01  -5.8942428e+01
  -4.7440103e+01  -5.6236298e+01
  -4.7606635e+01  -5.5366341e+01
  -4.8076239e+01  -5.6267965e+01
  -4.6861697e+01  -5.4244807e+01
  -4.3757926e+01  -5.6518438e+01
  -4.2177989e+01  -5.4790708e+01
  -4.9489935e+01  -5.1728015e+01
  -5.8506539e+01  -5.4673994e+01
  -4.3075036e+01  -5.1008859e+01
  -4.3279314e+01  -5.1115143e+01
  -4.3642444e+01  -5.0380912e+01
  -3.6966553e+01  -5.0908575e+01
  -3.9269122e+01  -5.1727190e+01
  -5.9568458e+01  -5.6548828e+01
  -6.2074338e+01  -5.7229210e+01
  -6.3752856e+01  -5.8507501e+01
  -3.9540109e+01  -5.0227554e+01
  -3.9982263e+01  -5.0523184e+01
  -4.0449766e+01  -5.0111829e+01
  -3.9558163e+01  -4.7707175e+01
  -3.9789420e+01  -4.7703084e+01
  -4.0301484e+01  -4.8512272e+01
  -4.4057328e+01  -4.7120202e+01
  -4.4601447e+01  -4.4686095e+01
  -4.5151568e+01  -4.4159537e+01
  -4.5922889e+01  -4.9444220e+01
  -4.6686011e+01  -4.9027760e+01
  -4.8618107e+01  -4.9761052e+01
  -5.2843392e+01  -5.0821305e+01
  -5.5668283e+01  -5.1959079e+01
  -6.1606412e+01  -5.3528123e+01
  -6.1369094e+01  -5.0063731e+01
  -6.0857595e+01  -4.5781738e+01
  -6.1807422e+01  -4.5639884e+01
  -6.0973827e+01  -4.3508632e+01
  -5.9965403e+01  -4.0426896e+01
  -6.0285275e+01  -3.9479560e+01
  -6.2359403e+01  -3.9604316e+01
  -6.3410700e+01  -4.0204205e+01
  -4.3943825e+01  -3.6205040e+01
  -3.5335301e+01  -3.5878758e+01
  -3.8119478e+01  -2.8637723e+01
  -4.0740342e+01  -2.4715476e+01
  -4.8170063e+01  -2.5240680e+01
  -5.7346975e+01  -3.1322641e+01
  -6.1590364e+01  -3.2274519e+01
  -6.0480690e+01  -2.8121186e+01
  -6.2603517e+01  -2.7580470e+01
  -5.9946799e+01  -2.6713210e+01
  -5.9053905e+01  -2.7118747e+01
  -5.7318625e+01  -2.8078285e+01
  -5.6781255e+01  -2.7712501e+01
  -5.7204716e+01  -2.7447948e+01
  -6.2947918e+01  -2.2699776e+01
  -3.3163270e+01  -1.2998184e+01
  -6.2326238e+01  -2.5233237e+01
  -6.3865666e+01  -2.5127124e+01
  -6.0919232e+01  -2.5697502e+01
  -5.3210327e+01  -2.4643794e+01
  -5.6244631e+01  -2.4945402e+01
  -5.5883150e+01  -2.4014115e+01
  -6.0321583e+01  -2.2627244e+01
  -5.7215078e+01  -1.9614676e+01
  -6.1092839e+01  -1.3852611e+01
  -6.1996912e+01  -1.1041671e+01
  -6.4884280e+01  -1.4790634e+01
  -6.2007698e+01  -1.5446828e+01
  -6.3865337e+01  -1.2131235e+01
  -6.3963171e+01  -1.1968830e+01
  -6.4158954e+01  -1.2173515e+01
  -6.3931116e+01  -1.0995202e+01
  -6.4208989e+01  -1.1152644e+01
  -6.4421103e+01  -1.0803142e+01
  -6.4283776e+01  -9.3729751e+00
  -6.3404427e+01  -1.0163248e+01
  -6.3631624e+01  -1.0226830e+01
  -6.3286756e+01  -9.2267036e+00
  -5.9698848e+01  -8.4505580e+00
  -5.6091412e+01  -6.8949188e+00
  -6.3104793e+01  -7.4607280e+00
  -5.9910387e+01  -6.2477956e+00
  -6.0538740e+01  -5.2843364e+00
  -6.0795801e+01  -4.3321294e+00
  -5.6173337e+01  -5.0188035e+00
  -6.4219023e+01  -4.6850053e+00
  -6.0408213e+01  -1.3061324e+00
  -5.2659148e+01  -8.4841273e+00
  -4.9248848e+01  -2.6333626e+00
   4.9195016e+01   2.9018820e+01
   4.8969273e+01   2.9523653e+01
   5.3865808e+00  -1.0018087e+01
   4.7793563e+00  -9.7867666e+00
  -1.2292849e+01  -7.0915085e+01
  -1.4419072e+01  -5.7497032e+01
  -1.5574652e+01  -5.7608476e+01
  -1.0197223e+01  -6.9840619e+01
  -1.6281308e+01   1.2843120e+02
  -5.7364638e+01  -1.0780222e+02
  -3.5454273e+01  -3.6618485e+01
  -5.2640370e+01  -8.0156588e+00
